0 0.72301268577575684 0.18914273381233215 0.23866744339466095 -0.62009316682815552 -92.613151550292969 366.47418212890625 -327.2911376953125 0.20000000298023224 7 0.033973153680562973 0.029518056660890579 0.035857211798429489 0.029806703329086304 0.016911152750253677 0.019090833142399788 0.034842889755964279
1 -0.33821490406990051 0.80338132381439209 -0.29005351662635803 -0.39504188299179077 90.400749206542969 35.502765655517578 23.817173004150391 0.01666666753590107 9 0.0022445386275649071 0.00082067248877137899 0.0016071908175945282 0.0014653123216703534 0.0022975502070039511 0.0026803542859852314 0.0010750641813501716 0.0015320177190005779 0.0029439660720527172
2 0.70382851362228394 -0.65861749649047852 -0.18799477815628052 -0.18843153119087219 -0.48432573676109314 0.32135814428329468 -0.81373059749603271 0.20000000298023224 13 0.015769604593515396 0.021075116470456123 0.0048670955002307892 0.012843125499784946 0.0028831693343818188 0.016575774177908897 0.004800629336386919 0.01007464062422514 0.027593940496444702 0.0086556766182184219 0.02364000678062439 0.02183978259563446 0.029381439089775085
3 0.72028505802154541 0.10799941420555115 -0.48464187979698181 -0.48440462350845337 142.81108093261719 -445.29141235351562 176.97611999511719 0.01666666753590107 5 0.00099012628197669983 0.0052622770890593529 0.0018436125246807933 0.0051731821149587631 0.0033974682446569204
4 -0.28096076846122742 -0.023920314386487007 0.66648346185684204 0.69013673067092896 -478.349853515625 41.699920654296875 -139.43643188476562 0.0041666668839752674 14 0.00048407819122076035 0.00027199767646379769 6.2826134126225952e-06 0.0003384175943210721 0.0004744824836961925 0.00038069320726208389 0.0004129919980186969 0.00032381570781581104 4.8074365622596815e-05 0.00041048941784538329 0.00022036203881725669 0.00010269461927236989 0.00018124033522326499 0.00051104644080623984
5 -0.49489820003509521 -0.60111099481582642 0.44687098264694214 0.44050845503807068 -202.45393371582031 -370.20101928710938 268.26031494140625 0.0041666668839752674 4 0.0011242161272093654 0.00093239534180611372 0.0018314888002350926 0.00027856644010171294
6 0.83053278923034668 -0.20480641722679138 0.46213352680206299 -0.23388504981994629 -402.96099853515625 162.70912170410156 247.28158569335938 0.0041666668839752674 7 0.00090516480850055814 0.000438991206465289 0.00073534378316253424 2.8464040951803327e-05 0.00073992734542116523 0.00050916615873575211 0.00080960930790752172
7 0.021480608731508255 -0.75893759727478027 0.17440904676914215 -0.62700384855270386 -0.39991161227226257 0.0051797525957226753 -9.9919986724853516 0.01666666753590107 13 0.0011970031773671508 0.0021188654936850071 0.0010111719602718949 1.2565737051772885e-05 0.0020362669602036476 0.001669870805926621 0.00078146671876311302 0.0019507198594510555 0.00065819855080917478 0.0021724707912653685 0.0007012404385022819 0.00046882336027920246 0.0018880028510466218
8 -0.095817342400550842 -0.95714253187179565 0.12427171319723129 0.24342086911201477 0.091907128691673279 0.0089717907831072807 -0.038374289870262146 0.01666666753590107 4 0.0044140778481960297 0.0026945588178932667 0.0017567507456988096 0.0078012794256210327
9 0.067720741033554077 0.24004289507865906 -0.34988397359848022 -0.90298092365264893 0.025458313524723053 -0.090076074004173279 -0.035187713801860809 0.0041666668839752674 14 0.00038378924364224076 0.00028236245270818472 0.00020270381355658174 0.00040587829425930977 0.00012385690934024751 5.8874164096778259e-05 0.0004765294142998755 0.00042357755592092872 0.0002944055013358593 0.00026617807452566922 0.00028888205997645855 0.00028000512975268066 0.00026600804994814098 0.00041361595503985882
10 -0.27839037775993347 0.89582955837249756 0.13797332346439362 0.3177286684513092 56.554134368896484 -79.570793151855469 21.682222366333008 0.20000000298023224 4 0.033964015543460846 0.051057662814855576 0.024581687524914742 0.090396635234355927
11 0.023460755124688148 -0.60738956928253174 0.54914838075637817 -0.57355350255966187 4.1041150093078613 9.0565776824951172 -1.0651917457580566 0.0041666668839752674 5 0.0014319078763946891 0.00046407658373937011 0.001146105001680553 0.00055232649901881814 0.00057225074851885438
12 -0.15659339725971222 0.86008977890014648 0.46789258718490601 0.12961722910404205 -6.588839054107666 4.7240734100341797 5.8540868759155273 0.01666666753590107 16 0.00047936194459907711 0.0016707231989130378 0.0014234586851671338 0.0014283133205026388 0.00051319453632459044 0.00094201078172773123 0.00011402699601603672 0.00060752802528440952 0.0010510630672797561 0.00023914128541946411 0.00017457643116358668 0.0021117802243679762 0.00018263267702423036 0.0015073270769789815 0.0025345166213810444 0.0016870115650817752
13 0.70486384630203247 -0.30974441766738892 -0.062739521265029907 -0.63505047559738159 0.043927792459726334 -0.079015143215656281 0.042742904275655746 0.0041666668839752674 15 0.00030884379521012306 0.00025533247389830649 3.4447355574229732e-05 0.00018577667651697993 0.0002514731022529304 5.9467172832228243e-05 0.00052754714852198958 0.00028556078905239701 0.00053052522707730532 3.2662901503499597e-06 0.00035294389817863703 0.00056418473832309246 0.00029356669983826578 3.3837026421679184e-05 0.00047989425365813076
14 0.059852287173271179 0.14596344530582428 -0.42544382810592651 -0.89112848043441772 -0.46039280295372009 -7.8546056747436523 -6.1719694137573242 0.20000000298023224 9 0.0053371130488812923 0.035620845854282379 0.020457586273550987 0.037168897688388824 0.019126273691654205 0.0090482980012893677 0.010683097876608372 0.022310169413685799 0.040247716009616852
15 0.6903388500213623 0.26295021176338196 -0.6434827446937561 -0.20054766535758972 -54.742515563964844 56.27880859375 -61.935066223144531 0.01666666753590107 13 0.0013397135771811008 0.00072616059333086014 0.0024560443125665188 0.00074263790156692266 0.0023774325381964445 0.00077021296601742506 0.002301379106938839 0.00071479741018265486 0.0015485360054299235 0.00042549733188934624 0.0013488315744325519 0.00071882788324728608 0.0011965952580794692
16 -0.022945554926991463 0.37974059581756592 -0.043226361274719238 0.923797607421875 -0.0050679268315434456 -0.091264568269252777 -0.040559761226177216 0.01666666753590107 4 0.0039063054136931896 0.0027112369425594807 0.0040523498319089413 0.0059967739507555962
17 -0.77163809537887573 0.090091682970523834 -0.49576345086097717 0.38817104697227478 -193.20066833496094 -429.9132080078125 -166.87760925292969 0.01666666753590107 14 0.0012397621758282185 0.00027523344033397734 0.0001856811431935057 0.0021164668723940849 0.0011815925827249885 0.0015981080941855907 0.000733430206310004 0.001951663289219141 0.0012439243728294969 0.00076786905992776155 0.0005092495703138411 0.0016168173169717193 0.0010052404832094908 0.0022416282445192337
18 0.62662279605865479 -0.33211499452590942 -0.69508439302444458 0.11790324747562408 -37.668666839599609 -68.117576599121094 62.777919769287109 0.0041666668839752674 11 0.00040385941974818707 6.0955197113798931e-05 0.00065081997308880091 0.00051846599671989679 0.00042247481178492308 0.00026294100098311901 9.383071301272139e-05 0.00041429142584092915 0.00050864397780969739 0.00021876463142689317 0.00061161949997767806
19 0.67849647998809814 -0.31837385892868042 -0.56861484050750732 -0.33905428647994995 0.056807588785886765 -0.00027330141165293753 0.082297161221504211 0.01666666753590107 8 0.00074320088606327772 0.0026188623160123825 0.0025051834527403116 0.0010345495538786054 0.0018505919724702835 0.0027228039689362049 0.001893180888146162 0.0032982935663312674
20 0.36742433905601501 0.88399827480316162 0.11032440513372421 0.2671608030796051 -16.339044570922852 94.773628234863281 -27.404279708862305 0.01666666753590107 14 0.00089679303346201777 0.0016732795629650354 0.0016215030336752534 0.0014963930007070303 0.00067305844277143478 0.0016714016674086452 0.0017836297629401088 0.0017003463581204414 2.853590740414802e-05 0.00022758933482691646 0.0018695570761337876 0.00061206024838611484 0.0007109807338565588 0.0017015385674312711
21 -0.80510342121124268 -0.04089699313044548 -0.30367669463157654 0.50785470008850098 -0.067461453378200531 0.025406032800674438 0.069307185709476471 0.01666666753590107 6 0.0028603631071746349 0.0060868868604302406 0.0027757619973272085 0.0027104171458631754 0.0015237003099173307 0.00070953735848888755
22 -0.70481693744659424 -0.44699558615684509 0.13733060657978058 -0.53344947099685669 -0.99595195055007935 1.7085354328155518 9.8024988174438477 0.0041666668839752674 6 0.001267094979993999 0.00075376202585175633 0.0011166682234033942 0.00085126725025475025 3.8206431781873107e-05 0.00013966769620310515
23 -0.19202840328216553 -0.71823227405548096 -0.64844447374343872 0.16366805136203766 274.41802978515625 198.20298767089844 367.98141479492188 0.01666666753590107 10 0.00053700502030551434 0.00044212484499439597 7.9920449934434146e-05 0.0034292342606931925 0.0028762149158865213 0.001161020016297698 0.0019747756887227297 0.00087751518003642559 0.0034330545458942652 0.0018558017909526825
24 0.4212552011013031 0.55252957344055176 -0.6017986536026001 0.39381909370422363 96.957733154296875 -401.38720703125 -281.93527221679688 0.01666666753590107 13 0.00035412830766290426 0.0010287269251421094 0.0013092769077047706 0.0027420399710536003 0.00252565648406744 0.0024490770883858204 0.00065470382105559111 0.0020382129587233067 0.00071353872772306204 0.0010817456059157848 0.00014694131095893681 0.00060097669484093785 0.0010216415394097567
25 0.64818191528320312 -0.30104479193687439 -0.69445657730102539 -0.083440534770488739 -181.15104675292969 -154.45675659179688 439.69012451171875 0.0041666668839752674 8 0.0007063560769893229 0.00090304960031062365 0.00033507525222375989 0.00077580503420904279 0.00047051635920070112 0.00022996797633823007 0.0001340298040304333 0.00061186659149825573
26 0.75084710121154785 0.31117093563079834 -0.57823944091796875 -0.070995651185512543 0.25467994809150696 -0.80789059400558472 -0.53146111965179443 0.01666666753590107 7 0.0012735100463032722 0.0040033236145973206 0.0026384706143289804 0.0025627301074564457 2.6178915504715405e-05 0.0034311460331082344 0.0027313074097037315
27 -0.58266407251358032 0.55246895551681519 -0.55623424053192139 0.21420584619045258 0.02088513970375061 -0.022300168871879578 0.095218241214752197 0.01666666753590107 9 0.0027087463531643152 0.0027043547015637159 0.0011134408414363861 7.098458445398137e-05 0.0021561502944678068 0.0031067363452166319 0.0013670990010723472 0.00057611224474385381 0.0028630420565605164
28 -0.63021707534790039 0.10187163203954697 -0.54017692804336548 -0.54832243919372559 174.14443969726562 329.21731567382812 -333.60107421875 0.0041666668839752674 8 7.4908016358676832e-06 0.00077436154242604971 0.00062568648718297482 0.00065686769085004926 0.00022777059348300099 0.00045501618296839297 0.00089537794701755047 0.00052409549243748188
29 -0.012439040467143059 0.26963084936141968 -0.75710475444793701 0.59492594003677368 0.026840273290872574 0.091093771159648895 -0.031329285353422165 0.01666666753590107 12 0.0014401760417968035 0.00037278968375176191 0.00058525102213025093 0.00031121802749112248 0.00011270683899056166 0.0020736169535666704 0.002604619599878788 0.00025332259247079492 0.0025970255956053734 0.0020304301287978888 0.0019639076199382544 0.0023216023109853268
30 -0.1130531057715416 -0.73349666595458984 -0.15920031070709229 -0.65104293823242188 -393.55941772460938 134.23320007324219 277.65524291992188 0.01666666753590107 7 0.001585383084602654 0.00025288894539698958 0.0038985258433967829 0.004062204621732235 0.0049804588779807091 0.0014611242804676294 0.00042608109652064741
31 0.46785572171211243 -0.42406314611434937 0.77325659990310669 0.05792844295501709 -0.5950847864151001 -0.74476975202560425 -0.30198037624359131 0.20000000298023224 15 0.020035088062286377 0.013731904327869415 0.0099806450307369232 0.022664770483970642 0.0081513049080967903 0.0081771006807684898 0.011531634256243706 0.0075052250176668167 0.018037091940641403 0.022690948098897934 0.002824271097779274 0.019489901140332222 0.0055484841577708721 0.022827904671430588 0.0068037258461117744
32 -0.017667327076196671 0.37466871738433838 0.82416337728500366 -0.42434173822402954 -0.056608542799949646 0.01164680253714323 0.081607751548290253 0.0041666668839752674 14 0.0006603462970815599 9.2685499112121761e-05 0.00034095419687218964 0.00060253450646996498 0.00057156721595674753 0.00041331537067890167 0.00036025271401740611 0.00024754705373197794 5.7181576266884804e-05 8.2385318819433451e-05 0.00025732527137733996 0.00025545083917677402 5.2714400226250291e-05 0.0001724063913570717
33 -0.15669557452201843 0.49651172757148743 0.68306428194046021 -0.51219695806503296 34.705978393554688 90.332290649414062 25.210567474365234 0.01666666753590107 10 0.00077367026824504137 0.0033699274063110352 0.003175277030095458 0.0012840924318879843 0.0019547403790056705 0.0018822361016646028 0.00075883680256083608 0.00058578839525580406 0.0025214997585862875 0.00036059794365428388
34 -0.18407835066318512 -0.23608876764774323 0.30212545394897461 -0.90504002571105957 441.22555541992188 -232.155029296875 -37.736476898193359 0.20000000298023224 6 0.010848378762602806 0.017911145463585854 0.04951753094792366 0.054387658834457397 0.066922396421432495 0.00041288833017461002
35 -0.24883870780467987 0.75332331657409668 0.48597472906112671 0.36662223935127258 -8.9590244293212891 -3.9749577045440674 -1.9838334321975708 0.20000000298023224 15 0.0010583202820271254 0.024333719164133072 0.0058315759524703026 0.013193557038903236 0.016145087778568268 0.016261700540781021 0.0035399266052991152 0.022364046424627304 0.014247598126530647 0.015100016258656979 0.027075635269284248 0.001351569895632565 0.015187595970928669 0.020870829001069069 0.0034388231579214334
36 0.75743120908737183 0.04626479372382164 -0.64315009117126465 0.10254517197608948 -9.7686681747436523 -2.1077656745910645 -0.36116847395896912 0.0041666668839752674 13 0.00058265659026801586 0.00041156305815093219 3.3709966373862699e-05 5.5014625104377046e-05 0.00064205023227259517 4.1473344936093781e-06 0.00059923081425949931 0.0006581895868293941 0.00057922955602407455 0.0001329374936176464 0.00026817445177584887 3.6208381061442196e-05 0.00016355453408323228
37 0.62941497564315796 -0.66656112670898438 -0.38520452380180359 -0.10559599101543427 -78.526695251464844 -61.567523956298828 6.5573263168334961 0.0041666668839752674 16 0.00028970118728466332 0.00025574758183211088 0.00046418508281931281 2.0643085008487105e-05 0.00014284030476119369 0.00042182416655123234 0.00012282484385650605 0.00044121118844486773 6.9399153289850801e-05 0.00032742408802732825 0.00031747069442644715 0.00029582862043753266 0.00031942332861945033 0.00015483914467040449 0.00017759606998879462 0.00034570816205814481
38 -0.26490369439125061 -0.92343229055404663 -0.02595941536128521 -0.27645057439804077 53.435462951660156 -495.3070068359375 -42.610153198242188 0.0041666668839752674 9 0.00074302504071965814 0.00042090282659046352 0.00075435545295476913 0.00011587177141336724 0.00054876494687050581 0.00090563570847734809 0.00037371774669736624 3.6264023947296664e-05 0.00026812916621565819
39 -0.79384660720825195 -0.015955103561282158 0.44175001978874207 0.41762411594390869 0.42126926779747009 -0.22362123429775238 -0.87893444299697876 0.20000000298023224 3 0.11769124120473862 0.046069730073213577 0.036239024251699448
40 0.13799846172332764 0.82052665948867798 -0.55084705352783203 0.06526830792427063 -269.0079345703125 -373.63519287109375 -195.0166015625 0.01666666753590107 6 0.0012567663798108697 0.0035717617720365524 0.0038508328143507242 0.0044002067297697067 0.00068898772587999701 0.0028981107752770185
41 -0.24837245047092438 0.45883169770240784 0.69143342971801758 -0.4997042715549469 50.620071411132812 -85.940666198730469 7.1979007720947266 0.0041666668839752674 13 5.030531610827893e-05 0.00041363071068190038 0.00032104752608574927 0.00049730000318959355 9.122986375587061e-05 0.00013884289364796132 0.0004330586816649884 0.00038734317058697343 0.0004511151637416333 0.00028696528170257807 0.00026811542920768261 0.00033080767025239766 0.00049690488958731294
42 -0.3707941472530365 0.92424875497817993 -0.085991770029067993 -0.029687188565731049 288.9239501953125 -392.7052001953125 110.93046569824219 0.0041666668839752674 15 0.00056443270295858383 0.00017741456395015121 0.00014690648822579533 5.6658136600162834e-05 0.00041606475133448839 0.00017066579312086105 3.4153672459069639e-05 0.00071211642352864146 0.00033566125785000622 0.00042486246093176305 0.00059963448438793421 0.00021975721756462008 0.00010311463120160624 5.892516128369607e-05 0.00014629893121309578
43 0.45311114192008972 0.035853691399097443 0.87552034854888916 -0.16391749680042267 -245.63594055175781 203.40484619140625 385.08370971679688 0.20000000298023224 10 0.01374643761664629 0.016499288380146027 0.011980592273175716 0.022363012656569481 0.031777482479810715 0.013052287511527538 0.017487933859229088 0.015108850784599781 0.024947326630353928 0.033036787062883377
44 0.98265254497528076 0.017164768651127815 0.028366187587380409 0.1824682354927063 -22.953659057617188 -65.967483520507812 -71.564102172851562 0.01666666753590107 2 0.0061171893030405045 0.010549477301537991
45 0.21540366113185883 0.92817717790603638 0.012014240957796574 0.30322280526161194 -0.099076271057128906 -0.0060928496532142162 -0.012114830315113068 0.01666666753590107 3 0.0053144055418670177 0.0098482323810458183 0.0015040287980809808
46 0.44569426774978638 0.097616404294967651 0.7248227596282959 0.51619726419448853 0.042718317359685898 -0.061467133462429047 0.066309399902820587 0.01666666753590107 11 5.004908234695904e-05 0.0015791564946994185 0.0021999902091920376 0.0016276109963655472 0.0024225970264524221 0.0022015299182385206 0.0019041878404095769 0.00045268342364579439 0.0021674965973943472 0.0009937299182638526 0.0010676350211724639
47 0.29402840137481689 -0.29699215292930603 -0.1881621927022934 -0.88878452777862549 0.035902097821235657 -0.045588079839944839 -0.081441797316074371 0.01666666753590107 10 0.0002913638309109956 0.0028936048038303852 0.0040902816690504551 0.0019823447801172733 0.0014269321691244841 0.00023000278451945633 0.00031284589204005897 0.0017607756890356541 0.0016280566342175007 0.0020504584535956383
48 -0.54512912034988403 0.4824083149433136 0.056268084794282913 -0.68333762884140015 -0.20597255229949951 -0.47994482517242432 0.85277682542800903 0.01666666753590107 16 0.0014568316983059049 0.00061313220066949725 0.0019333050586283207 0.00057951209601014853 0.0017488402081653476 0.00052300462266430259 0.00012504387996159494 0.0003568371175788343 0.00061501824529841542 0.0012551922118291259 0.00053116865456104279 0.00051742920186370611 0.00030588902882300317 0.0027728707063943148 0.0010968610877171159 0.0022357306443154812
49 0.073018625378608704 -0.75547569990158081 0.64150303602218628 0.11134928464889526 -0.041653160005807877 -0.087757989764213562 0.02373921126127243 0.01666666753590107 14 0.0014001326635479927 0.00039035553345456719 0.00093043787637725472 0.0019923876971006393 0.001916502951644361 0.0014164141612127423 0.00056721572764217854 0.0016547618433833122 0.0010560770751908422 0.00038102740654721856 0.00026817765319719911 0.0016858017770573497 0.0015707326820120215 0.0014366417890414596
50 -0.21765847504138947 -0.67851918935775757 -0.6838991641998291 0.15658383071422577 6.4718766212463379 7.3997735977172852 -1.8325284719467163 0.20000000298023224 2 0.066663026809692383 0.13333697617053986
51 -0.31652542948722839 0.14410071074962616 -0.63258808851242065 0.69201081991195679 -0.059576936066150665 -0.020556328818202019 -0.077640362083911896 0.01666666753590107 12 0.0027128544170409441 0.0015275228070095181 0.00042287813266739249 0.0020227471832185984 0.00017292100528720766 0.001896941801533103 0.0010538201313465834 0.00024314854817930609 0.0019742776639759541 0.0022540197242051363 0.0015752719482406974 0.00081026321277022362
52 0.51230597496032715 0.074257172644138336 0.071878254413604736 0.85256201028823853 22.390913009643555 192.79270935058594 460.79238891601562 0.20000000298023224 12 0.032191719859838486 0.004743100143969059 0.029930494725704193 0.0078501878306269646 0.033999316394329071 0.0088325571268796921 0.01465940847992897 0.020642610266804695 0.023892812430858612 0.013575289398431778 0.0038613881915807724 0.0058211125433444977
53 0.22319610416889191 0.59275591373443604 0.10257282853126526 0.76700896024703979 -0.0055161439813673496 0.012492026202380657 -0.099063217639923096 0.0041666668839752674 15 0.00038917578058317304 0.00016393503756262362 0.00011119798000436276 3.6273740988690406e-05 9.0690315118990839e-05 8.0860467278398573e-05 0.00041612307541072369 0.00034529052209109068 0.00011442734830779955 0.00051006925059482455 0.00049698725342750549 0.0003576276358217001 0.00046628579730167985 0.00017698734882287681 0.00041073508327826858
54 0.35073539614677429 -0.39644709229469299 0.57784432172775269 0.62121683359146118 -9.6230897903442383 1.5588725805282593 2.2284641265869141 0.20000000298023224 8 0.0062794946134090424 0.044196117669343948 0.030133092775940895 0.0026385460514575243 0.02885960228741169 0.029552120715379715 0.017600962892174721 0.040740061551332474
55 0.92150235176086426 0.0012386929010972381 0.35542953014373779 -0.15653041005134583 95.112518310546875 -8.6908330917358398 29.632396697998047 0.0041666668839752674 14 0.00013275984383653849 0.00038234770181588829 0.00058625260135158896 7.0122536271810532e-05 0.00031248299637809396 0.00051059987163171172 0.00029368585092015564 6.1546765209641308e-05 0.0003808864566963166 0.00010301542351953685 0.00028967589605599642 0.0001968681754078716 0.00031622350797988474 0.00053019903134554625
56 -0.56190305948257446 -0.012873975560069084 0.47559738159179688 -0.67668777704238892 2.0537345409393311 7.8902778625488281 5.7901368141174316 0.01666666753590107 13 0.0010097490157932043 0.0021435585804283619 0.0018333678599447012 0.0011217001592740417 0.00029752726550213993 0.0014913872582837939 0.0017856314079836011 0.0014116179663687944 0.0016293597873300314 0.0017237986903637648 0.001385405077598989 0.00013590911112260073 0.00069765461375936866
57 0.28580230474472046 0.38501811027526855 -0.84952932596206665 0.21995015442371368 -24.247467041015625 33.109870910644531 -91.190994262695312 0.20000000298023224 14 0.0094463927671313286 0.0035207099281251431 0.022988054901361465 0.012607685290277004 0.012985385954380035 0.012398246675729752 0.00023398674966301769 0.015722857788205147 0.029099659994244576 0.0080363629385828972 0.022025058045983315 0.017014749348163605 0.025223718956112862 0.0086971316486597061
58 -0.29200911521911621 0.75332045555114746 -0.58924168348312378 -0.0057678977027535439 0.93925249576568604 0.27516311407089233 -0.2051585465669632 0.01666666753590107 3 0.004723093006759882 0.0062333284877240658 0.0057102451100945473
59 -0.44551432132720947 -0.48418179154396057 -0.27970567345619202 -0.69917792081832886 -0.019706197082996368 0.26913505792617798 0.96290081739425659 0.01666666753590107 11 0.00089694920461624861 0.0011972103966400027 0.00073078036075457931 9.2368762125261128e-05 0.0026496602222323418 0.0014052246697247028 0.0013417439768090844 0.0019765789620578289 0.0020278608426451683 0.0024107962381094694 0.0019374932162463665
60 0.65660089254379272 -0.20212990045547485 0.47796723246574402 0.54732626676559448 50.525264739990234 35.056877136230469 78.855644226074219 0.20000000298023224 12 0.033453043550252914 0.017604777589440346 0.0097588645294308662 0.0076668849214911461 0.019364593550562859 0.034033272415399551 0.0080581977963447571 0.004681409802287817 0.01941128633916378 0.02910442091524601 0.016823386773467064 3.9860955439507961e-05
61 -0.51472383737564087 -0.085322879254817963 -0.81859952211380005 -0.24015453457832336 -0.55274707078933716 -0.16679686307907104 -0.81648606061935425 0.01666666753590107 14 0.00038383743958547711 0.0019882225897163153 0.00041467612027190626 0.0011582440929487348 0.00042512911022640765 0.0016503233928233385 0.00019756492110900581 0.0012775063514709473 0.001715604797936976 0.0017595946555957198 0.0020418539643287659 0.0016278619877994061 0.00053722935263067484 0.0014890177408233285
62 0.28706720471382141 -0.34143126010894775 -0.89499282836914062 0.0022133132442831993 0.090033359825611115 -0.010499361902475357 -0.042234547436237335 0.01666666753590107 4 0.0064840903505682945 0.0043966313824057579 0.0039002622943371534 0.0018856829265132546
63 0.25178855657577515 -0.16602616012096405 -0.93289726972579956 -0.19682610034942627 0.023780524730682373 0.064001135528087616 -0.073063954710960388 0.01666666753590107 4 0.0012407104950398207 0.0069875172339379787 0.0048099150881171227 0.0036285235546529293
64 0.15372318029403687 0.83334195613861084 0.28131228685379028 -0.45030403137207031 -41.901798248291016 73.669044494628906 53.076461791992188 0.20000000298023224 9 0.019141394644975662 0.0027630201075226068 0.017402082681655884 0.033034835010766983 0.049827765673398972 0.0206136554479599 0.01569678820669651 0.024942079558968544 0.016578381881117821
65 0.49489113688468933 -0.22307543456554413 0.82403427362442017 0.1621345579624176 75.875534057617188 171.45573425292969 -463.5146484375 0.01666666753590107 15 0.0016849874518811703 0.0011841598898172379 0.00016244548896793276 0.00072414788883179426 0.0025939969345927238 0.0026948361191898584 0.00043235858902335167 0.00049028015928342938 0.00013477167522069067 0.001692452235147357 0.00059786747442558408 0.001530792098492384 0.0011923791607841849 0.00099669175688177347 0.00055449950741603971
66 -0.85796076059341431 -0.21302033960819244 -0.31068134307861328 0.3492889404296875 -0.32495096325874329 -0.94364047050476074 -0.062845438718795776 0.20000000298023224 7 0.026173649355769157 0.0077446680516004562 0.012824011035263538 0.042524326592683792 0.025702986866235733 0.043415281921625137 0.0416150763630867
67 0.21528197824954987 -0.86308515071868896 -0.16813124716281891 0.42481708526611328 112.48568725585938 -37.515716552734375 -485.736083984375 0.0041666668839752674 12 3.7626093671860872e-06 0.00053051771828904748 0.00065899401670321822 0.00043687431025318801 0.00023130609770305455 5.0271693908143789e-05 0.00026380742201581597 0.0005932532949373126 0.000362560705980286 0.00034703229903243482 0.00050404679495841265 0.00018423970323055983
68 -0.78855371475219727 0.10313034802675247 0.38513234257698059 -0.4682096540927887 5.2051491737365723 8.1876640319824219 -2.4225139617919922 0.01666666753590107 16 0.0010773836402222514 0.00094225385691970587 0.0017305335495620966 0.00055258761858567595 0.001817727112211287 0.00067522685276344419 0.0019901886116713285 0.00015132456610444933 0.00027566702920012176 0.0018944112816825509 0.0014288285747170448 0.0002619935548864305 0.0014150050701573491 0.00057851604651659727 0.0010865957010537386 0.00078842375660315156
69 0.24993571639060974 0.79040741920471191 0.49733170866966248 0.25583088397979736 -0.58608895540237427 0.52427226305007935 0.61776882410049438 0.20000000298023224 5 0.084237262606620789 0.030039837583899498 0.065432094037532806 0.011041387915611267 0.0092494124546647072
70 -0.75750595331192017 -0.60051274299621582 0.11362481117248535 -0.22947454452514648 98.857208251953125 -7.3681635856628418 13.151515007019043 0.20000000298023224 8 0.012171811424195766 0.0095231560990214348 0.0011402658419683576 0.00084881362272426486 0.04526963084936142 0.060682110488414764 0.026497703045606613 0.043866507709026337
71 0.10008560866117477 0.36435100436210632 -0.463542640209198 -0.80147325992584229 94.301528930664062 32.750205993652344 -5.8860673904418945 0.01666666753590107 9 0.0019500983180478215 0.0022295410744845867 0.0025055622681975365 0.0010212596971541643 0.0013567251153290272 0.002538010012358427 0.001475404598750174 0.0027751896996051073 0.00081487587885931134
72 -0.85926806926727295 0.36852437257766724 0.075606502592563629 -0.34660044312477112 -5.6925292015075684 4.7852210998535156 -6.6855645179748535 0.0041666668839752674 14 0.00051228876691311598 5.0794897106243297e-05 8.2950995420105755e-05 0.00062944932142272592 0.0006444128230214119 0.00013704436423722655 0.00017291400581598282 0.00026324810460209846 0.00043209156137891114 7.6606040238402784e-05 0.00022043559874873608 0.00065224990248680115 0.00015593480202369392 0.00013624552229885012
73 -0.60533738136291504 -0.78240418434143066 -0.14577233791351318 -0.012679819017648697 -98.66949462890625 10.886074066162109 -12.075751304626465 0.20000000298023224 7 0.051309287548065186 0.025476947426795959 0.051198322325944901 0.0029744806233793497 0.014779013581573963 0.053463149815797806 0.00079879770055413246
74 0.25338605046272278 -0.57243567705154419 0.10279227793216705 0.77301144599914551 -189.04238891601562 25.736501693725586 -462.16946411132812 0.01666666753590107 5 0.0053495108149945736 0.0044813528656959534 0.0017490823520347476 0.0021817395463585854 0.0029049811419099569
75 0.893837571144104 0.020217625424265862 -0.3722819983959198 -0.24910189211368561 282.1051025390625 -396.70370483398438 -114.20545196533203 0.20000000298023224 8 0.028175264596939087 0.032743945717811584 0.035574357956647873 0.0069491313770413399 0.016795126721262932 0.037901785224676132 0.035125348716974258 0.0067350412718951702
76 0.37634158134460449 0.32624614238739014 -0.40160024166107178 0.76853609085083008 0.069262705743312836 0.052182611078023911 0.049796115607023239 0.01666666753590107 9 0.0041046096011996269 0.00056130927987396717 0.002154478570446372 0.0011938862735405564 0.00063772476278245449 0.00080426601925864816 0.001961245434358716 0.0028859726153314114 0.0023631742224097252
77 0.50136679410934448 -0.35219213366508484 -0.46341505646705627 0.64018630981445312 -0.52551954984664917 0.158521369099617 -0.83588290214538574 0.0041666668839752674 13 0.0001587358710821718 0.0003728194278664887 0.00031174998730421066 0.00022086790704634041 4.1536241042194888e-05 0.00012142818741267547 0.00051883276319131255 0.00050720310537144542 0.0002312423603143543 0.0003551642585080117 0.00045675557339563966 0.00034517029416747391 0.00052516069263219833
78 -0.15413472056388855 -0.94653230905532837 0.21027021110057831 -0.19001452624797821 225.18026733398438 284.44442749023438 344.071533203125 0.20000000298023224 4 0.064582750201225281 0.031237957999110222 0.055366616696119308 0.04881267249584198
79 -0.33822548389434814 -0.70711350440979004 0.48287823796272278 0.39041337370872498 -0.49191045761108398 -0.35687369108200073 0.7941443920135498 0.0041666668839752674 13 0.00033918354893103242 0.0002006505528697744 0.0003536054864525795 0.0001819691970013082 0.00012121030158596113 0.00056746130576357245 0.00020393036538735032 0.00017067030421458185 0.00018093400285579264 0.00033709235140122473 0.00044159110984764993 0.00056321494048461318 0.00050515320617705584
80 -0.25137853622436523 -0.79357987642288208 0.51279139518737793 -0.2099638432264328 0.22536468505859375 0.60876208543777466 0.76067042350769043 0.0041666668839752674 8 0.00051354366587474942 0.00071615382330492139 0.00029318197630345821 0.00035320554161444306 0.00095594424055889249 0.00039571357774548233 0.00015064355102367699 0.00078828033292666078
81 0.27285361289978027 0.35922279953956604 -0.76767367124557495 -0.45517805218696594 -421.52191162109375 -58.413986206054688 262.50161743164062 0.0041666668839752674 8 0.00013810436939820647 0.00013579997175838798 0.00056032201973721385 0.00046874186955392361 0.00082885392475873232 0.00026641838485375047 0.0010722663719207048 0.0006961597828194499
82 0.64651000499725342 -0.21845884621143341 0.3871757984161377 -0.61999630928039551 129.59226989746094 284.70352172851562 390.06378173828125 0.01666666753590107 13 0.00091975810937583447 0.0013856220757588744 0.0022844935301691294 0.0013244436122477055 0.00094650994287803769 0.00030824530404061079 0.0012685364345088601 0.00075920589733868837 0.0023097754456102848 0.0021386004518717527 0.00049494276754558086 0.0019151634769514203 0.0006113694398663938
83 -0.11922095715999603 -0.61202406883239746 -0.78121775388717651 -0.030194872990250587 5.895026683807373 -8.0740728378295898 -0.24085232615470886 0.01666666753590107 9 0.00040568789700046182 0.0025829628575593233 0.0032992495689541101 0.002674174727872014 0.0022739081177860498 0.0015506637282669544 0.0011976179666817188 0.0017393205780535936 0.00094308133702725172
84 -0.61600762605667114 -0.68291246891021729 -0.38952529430389404 0.04934784397482872 108.13477325439453 333.31222534179688 356.66485595703125 0.0041666668839752674 15 0.0002939631522167474 0.00012671983859036118 0.0002541562425903976 0.00020397364278323948 3.6403864214662462e-05 0.00043235538760200143 0.00038706560735590756 0.00048174097901210189 0.00024011658388189971 0.00021060671133454889 0.00046854131505824625 0.00014014342741575092 0.00010182470578001812 0.00048298368346877396 0.00030607148073613644
85 -0.53140872716903687 -0.48490121960639954 -0.5273471474647522 -0.45208466053009033 6.9755210876464844 4.3568687438964844 5.6885676383972168 0.0041666668839752674 9 0.0005009437445551157 0.0006334268837235868 0.0004135601338930428 0.00041705358307808638 0.00060115515952929854 0.00022286981402430683 0.00071953458245843649 0.00054137810366228223 0.00011674461711663753
86 0.69154113531112671 0.29243782162666321 -0.13090814650058746 -0.64739018678665161 -0.25223833322525024 -0.64315193891525269 0.72300165891647339 0.20000000298023224 10 0.0054889614693820477 0.019126357510685921 0.031648371368646622 0.009546295739710331 0.011010140180587769 0.015262013301253319 0.024826580658555031 0.0023132096976041794 0.038931649178266525 0.041846420615911484
87 0.3427351713180542 -0.62685030698776245 -0.22629548609256744 -0.66210395097732544 -7.8723359107971191 -1.6009930372238159 5.9550943374633789 0.01666666753590107 16 0.0001081649461411871 0.00052447553025558591 0.00087541883112862706 0.0010768122738227248 0.00076398777309805155 0.0021512189414352179 0.001197886886075139 0.0013701940188184381 0.0016643669223412871 0.00042071327334269881 0.002128606429323554 0.00054601760348305106 0.0011489123571664095 0.0009024927276186645 0.0011985086603090167 0.00058888981584459543
88 -0.15815539658069611 -0.56194549798965454 0.81121355295181274 0.033714570105075836 -0.16376346349716187 -0.97455739974975586 0.15303407609462738 0.20000000298023224 2 0.097193233668804169 0.10280676931142807
89 0.35944607853889465 -0.025521064177155495 0.58946388959884644 -0.7229657769203186 -93.451271057128906 -8.4009494781494141 -34.58734130859375 0.01666666753590107 12 0.0025742740835994482 0.00035423823283053935 0.0029026574920862913 0.001604114193469286 0.00042950856732204556 0.0011218831641599536 0.00020435814803931862 0.0015065359184518456 0.00010399965685792267 0.0015344277489930391 0.001382114365696907 0.002948555164039135
90 0.64468896389007568 0.14289382100105286 -0.38356077671051025 -0.64563041925430298 0.059547260403633118 0.07772943377494812 -0.020304173231124878 0.20000000298023224 8 0.0053624366410076618 0.041976355016231537 0.011369707994163036 0.052253928035497665 0.010854585096240044 0.026548000052571297 0.026798224076628685 0.024836763739585876
91 0.94376266002655029 -0.14045673608779907 -0.24470005929470062 -0.17235380411148071 -0.9309198260307312 0.035595498979091644 -0.36348479986190796 0.0041666668839752674 6 0.00094180816086009145 0.00043164269300177693 0.00016800520825199783 0.00019871834956575185 0.0010749888606369495 0.0013515034224838018
92 -0.22107513248920441 -0.66755521297454834 -0.59032654762268066 -0.39624541997909546 162.16758728027344 472.85986328125 10.258079528808594 0.0041666668839752674 9 0.00062412041006609797 0.00020033461623825133 0.00037608246202580631 0.00061188207473605871 0.00074925977969542146 7.7300333941821009e-05 0.00057631422532722354 0.00064870994538068771 0.00030266284011304379
93 0.0018337123328819871 0.59936082363128662 0.74011504650115967 -0.30494749546051025 -0.097620703279972076 0.0094949407503008842 0.019494721665978432 0.01666666753590107 11 0.0017171261133626103 0.0025308593176305294 0.0006237687193788588 0.00079413288040086627 0.003318932605907321 0.0010640022810548544 0.0024258175399154425 0.0013683491852134466 0.00019794897525571287 0.0020458416547626257 0.00057988741900771856
94 -0.41162809729576111 -0.90004962682723999 -0.10475414246320724 -0.097465373575687408 3.6719925403594971 7.8715558052062988 4.9553084373474121 0.20000000298023224 12 0.025462104007601738 0.0173367690294981 0.0022438981104642153 0.014567227102816105 0.0066135413944721222 0.023922290652990341 0.017402919009327888 0.026726584881544113 0.0071424650959670544 0.016109287738800049 0.019401643425226212 0.023071270436048508
95 0.18462435901165009 0.38712024688720703 -0.73813444375991821 -0.52077758312225342 1.0243606567382812 15.155067443847656 -98.839637756347656 0.01666666753590107 13 0.0017052947077900171 0.0020248591899871826 0.0011945010628551245 0.00052918068831786513 0.0011845763074234128 0.0014648204669356346 0.00212891586124897 0.00080771103966981173 0.0013905672822147608 2.5424094928894192e-05 0.0023241937160491943 0.00094824860570952296 0.00093837355962023139
96 0.29611945152282715 -0.86397624015808105 -0.29162153601646423 0.28428009152412415 0.95822054147720337 -0.16370721161365509 0.23454926908016205 0.01666666753590107 2 0.0078540397807955742 0.0088126268237829208
97 -0.60716104507446289 0.58334225416183472 0.48675724864006042 -0.23266854882240295 98.090080261230469 -0.91560310125350952 -19.429288864135742 0.20000000298023224 10 0.023310689255595207 0.03507927805185318 0.031155027449131012 0.018008455634117126 0.00050547585124149919 0.024599315598607063 0.013006626628339291 0.024534637108445168 0.023203041404485703 0.0065974504686892033
98 0.42429414391517639 0.048854578286409378 0.65729331970214844 -0.6209293007850647 23.542734146118164 -86.747909545898438 43.823966979980469 0.01666666753590107 14 0.00024941100855357945 0.0014813088346272707 0.0017354961019009352 0.0010177454678341746 0.0021127387881278992 0.0015589685644954443 0.0004569768498186022 0.00075541692785918713 0.0020434106700122356 0.0016605298733338714 0.0010425738291814923 0.0016652457416057587 0.00022216518118511885 0.00066467898432165384
99 0.52356266975402832 -0.55554258823394775 -0.44304394721984863 0.47007083892822266 -222.04844665527344 6.3422002792358398 447.94448852539062 0.20000000298023224 4 0.074865356087684631 0.044267531484365463 0.06581888347864151 0.015048226341605186
100 -0.87339895963668823 -0.030490966513752937 0.46342870593070984 0.14655525982379913 -67.093978881835938 9.5003547668457031 -73.540061950683594 0.01666666753590107 3 0.0032214047387242317 0.0066549689508974552 0.0067902929149568081
101 -0.35639539361000061 0.2758851945400238 -0.76865434646606445 0.45391649007797241 -44.628700256347656 -89.461418151855469 2.2212183475494385 0.20000000298023224 6 0.061008643358945847 0.064521729946136475 0.00011022341641364619 0.0053847692906856537 0.030901525169610977 0.038073107600212097
102 -0.24854472279548645 -0.61711674928665161 0.55810725688934326 0.49589183926582336 9.194453239440918 -367.57644653320312 -338.825927734375 0.0041666668839752674 13 0.00048869737656787038 8.8499044068157673e-05 0.0003555307921487838 0.00024371729523409158 0.00038483476964756846 0.00012236941256560385 0.00030742914532311261 0.00011869262380059808 0.00052558869356289506 0.00045522462460212409 0.00025149213615804911 0.00051264330977573991 0.0003119474567938596
103 -0.049792226403951645 0.96501004695892334 0.053386174142360687 0.25184571743011475 -0.015534688718616962 -0.089623712003231049 -0.04154832661151886 0.0041666668839752674 16 0.00019068682740908116 0.00025426593492738903 0.00032904732506722212 0.0001539924560347572 0.00024826958542689681 0.00018056598491966724 5.7787747209658846e-05 0.00049151061102747917 0.00040471312240697443 0.00015839599655009806 0.00037989215343259275 0.00023935946228448302 0.0003765706205740571 0.00027243315707892179 0.00014134243247099221 0.00028783324523828924
104 0.77447623014450073 0.42826250195503235 0.11606330424547195 -0.45089593529701233 0.029009571298956871 0.011923853307962418 0.094954021275043488 0.01666666753590107 8 0.00024888975895009935 0.0037975218147039413 0.00021471829677466303 0.00022767650079913437 0.002285475842654705 0.0040050307288765907 0.0020173776429146528 0.0038699761498719454
105 -0.73474019765853882 0.0039567509666085243 -0.42252197861671448 -0.53067541122436523 0.010787472128868103 0.20798337459564209 -0.9780728816986084 0.0041666668839752674 8 0.00079596077557653189 0.00079360889503732324 0.00085281376959756017 0.0002838301588781178 0.00059914705343544483 0.00051515828818082809 0.00011297548917355016 0.00021317227219697088
106 0.59959244728088379 0.17275132238864899 0.73179244995117188 0.27409067749977112 0.082267157733440399 -0.65886270999908447 -0.74775129556655884 0.0041666668839752674 7 6.7842614953406155e-05 1.610250910744071e-05 0.00071431876858696342 0.00084865314420312643 0.00078776950249448419 0.00069524161517620087 0.0010367385111749172
107 -0.5050666332244873 -0.55434685945510864 0.65170192718505859 -0.11354238539934158 0.89084261655807495 0.45142853260040283 0.051104653626680374 0.01666666753590107 12 0.0019915702287107706 0.0016275410307571292 0.00057839200599119067 0.001511686947196722 0.0014499726239591837 0.0012412036303430796 0.0014020024100318551 0.0015553472330793738 0.0016491384012624621 0.00065838749287649989 0.0013868145179003477 0.0016146100824698806
108 -0.00030349631560966372 -0.4754631519317627 -0.1255459189414978 -0.87073123455047607 0.090173378586769104 0.040115058422088623 0.016110347583889961 0.01666666753590107 2 0.014742127619683743 0.0019245392177253962
109 -0.3787493109703064 -0.66125190258026123 0.42990997433662415 -0.48422336578369141 -0.88252198696136475 -0.37326741218566895 0.2860531210899353 0.0041666668839752674 8 0.00057271472178399563 0.00036265474045649171 0.00079816993093118072 0.00039002596167847514 0.00070697988849133253 0.00029659038409590721 0.00016185571439564228 0.00087767536751925945
110 -0.73985838890075684 -0.46661019325256348 -0.097612373530864716 -0.47471705079078674 70.540008544921875 -42.056613922119141 57.055660247802734 0.0041666668839752674 4 0.00097525486489757895 0.001244742888957262 0.00071496801683679223 0.0012317008804529905
111 -0.35946160554885864 -0.78143560886383057 0.44559720158576965 0.24817104637622833 6.0020847320556641 -0.94447290897369385 -7.9424777030944824 0.01666666753590107 2 0.0083978027105331421 0.0082688638940453529
112 -0.65267413854598999 0.044017240405082703 -0.16600745916366577 -0.73791629076004028 84.087898254394531 -51.562232971191406 -16.448738098144531 0.20000000298023224 11 0.029342835769057274 0.0010166959837079048 0.024583050981163979 0.0067983539775013924 0.01935625821352005 0.021697750315070152 0.029960468411445618 0.028696285560727119 0.0047037997283041477 0.019652444869279861 0.014192054979503155
113 -0.41865608096122742 0.84687513113021851 0.14570705592632294 -0.29376700520515442 -0.76832401752471924 -0.074491299688816071 -0.63571161031723022 0.20000000298023224 6 0.020824110135436058 0.020283961668610573 0.042143888771533966 0.048245832324028015 0.043285936117172241 0.025216272100806236
114 0.19894096255302429 -0.86743205785751343 -0.038149252533912659 -0.45445436239242554 0.029938271269202232 -0.093298248946666718 0.019978394731879234 0.20000000298023224 14 0.02685658261179924 0.0095287719741463661 0.0039071678183972836 0.013301239348948002 0.0168483667075634 0.020700924098491669 0.0075710429809987545 0.021423004567623138 0.0054817330092191696 0.019459031522274017 0.010885032825171947 0.016926851123571396 0.012774343602359295 0.01433591078966856
115 -0.65974485874176025 -0.20550119876861572 -0.49363559484481812 0.52804344892501831 93.693199157714844 -34.822517395019531 -2.9960341453552246 0.01666666753590107 16 0.00078642735024914145 0.0013771159574389458 0.0013375760754570365 0.0005335527821443975 0.00083872012328356504 0.0011596822878345847 0.00025417574215680361 0.0015206201933324337 0.00095807283651083708 0.00020174040400888771 0.00096091546583920717 0.0019070528214797378 0.0011156487744301558 0.00080335605889558792 0.0010267458856105804 0.0018852639477699995
116 -0.62426334619522095 -0.455548495054245 -0.094654679298400879 -0.62754392623901367 -241.8797607421875 -306.33843994140625 -312.49151611328125 0.01666666753590107 3 0.0078003937378525734 0.0082494029775261879 0.00061686971457675099
117 0.2997778058052063 -0.56933319568634033 -0.28572523593902588 0.7101789116859436 -377.09121704101562 -316.67694091796875 -86.705894470214844 0.0041666668839752674 11 0.00022420345339924097 0.00099237728863954544 1.4169603673508391e-05 0.00017919922538567334 8.4246668848209083e-05 0.00053842132911086082 0.00048366494593210518 8.9094959548674524e-05 8.0467922089155763e-05 0.00060358410701155663 0.00087723718024790287
118 -0.21647495031356812 0.40896704792976379 0.5099528431892395 -0.7251431941986084 -85.921234130859375 -18.596418380737305 47.662506103515625 0.20000000298023224 9 0.005231006070971489 0.014680003747344017 0.00034651302848942578 0.030152969062328339 0.022392760962247849 0.050534456968307495 0.053375184535980225 0.0045569096691906452 0.018730195239186287
119 -0.18326118588447571 0.84170180559158325 0.50789111852645874 0.00016015602159313858 -0.0017616947880014777 -0.084249213337898254 0.053842052817344666 0.20000000298023224 16 0.020155055448412895 0.027282271534204483 0.014437914825975895 0.0048949820920825005 0.016182921826839447 0.0017148621845990419 0.010561881586909294 0.01499551348388195 0.001362522249110043 0.020211642608046532 0.0046754265204071999 0.02600153349339962 0.021049791947007179 0.0016514222370460629 0.011574830859899521 0.0032474296167492867
120 -0.50448012351989746 0.83317089080810547 -0.22469405829906464 0.028959687799215317 0.087599582970142365 -0.035613048821687698 0.032527279108762741 0.20000000298023224 6 0.0064592747949063778 0.02467777393758297 0.010129463858902454 0.0059116696938872337 0.064851999282836914 0.0879698246717453
121 0.44615074992179871 0.68648093938827515 -0.57332581281661987 0.031478535383939743 -37.778602600097656 -41.557132720947266 82.739242553710938 0.01666666753590107 5 0.00010333224781788886 0.0041727013885974884 0.0043571656569838524 0.0046686832793056965 0.0033647839445620775
122 0.52743726968765259 0.39999407529830933 0.67385238409042358 0.32823416590690613 -0.97787982225418091 0.19403946399688721 -0.078100576996803284 0.20000000298023224 10 0.036897383630275726 0.0070378552190959454 0.019558507949113846 0.026944030076265335 0.010017620399594307 0.0049467147327959538 0.0078658387064933777 0.035901971161365509 0.025463137775659561 0.025366939604282379
123 0.68303787708282471 0.5274084210395813 0.41903254389762878 -0.28233203291893005 0.97862809896469116 0.16245025396347046 -0.12608292698860168 0.01666666753590107 16 0.00044230243656784296 0.0015077425632625818 0.0014221668243408203 0.0017246612114831805 0.0008295095176436007 0.00025850586825981736 0.0014408928109332919 5.3356015996541828e-05 0.0011016508797183633 0.0012977564474567771 0.00021264617680571973 0.0010247345780953765 0.0012570476392284036 0.0011937612434849143 0.001490179798565805 0.0014097526436671615
124 0.76465237140655518 0.39761611819267273 -0.48703998327255249 -0.14142216742038727 36.6561279296875 92.969863891601562 -3.5961222648620605 0.01666666753590107 9 0.0040006511844694614 0.0033050656784325838 0.0008113172953017056 0.00086768955225124955 0.00082836777437478304 0.0032117499504238367 0.002980357501655817 0.00056261039571836591 9.8857264674734324e-05
125 -0.62393993139266968 0.68552833795547485 0.069921918213367462 0.36859306693077087 127.31529998779297 10.955846786499023 483.39505004882812 0.01666666753590107 13 0.0021569333039224148 0.00035054548061452806 0.0009332034969702363 0.0024457457475364208 0.0024978872388601303 0.0010750096989795566 0.00080117356264963746 0.00010028445103671402 0.0018876781687140465 0.0010679499246180058 0.0012417914113029838 0.00046712133917026222 0.0016413432313129306
126 0.38708129525184631 0.91517460346221924 -0.1102791503071785 -0.021493356674909592 2.6105921268463135 2.6813547611236572 -9.2733564376831055 0.20000000298023224 8 0.007360375951975584 0.0048063737340271473 0.066930286586284637 0.0011451637838035822 0.049079570919275284 0.025433564558625221 0.032674334943294525 0.012570330873131752
127 0.550059974193573 -0.12547588348388672 0.42467236518859863 -0.70805597305297852 285.73367309570312 149.25167846679688 -382.20440673828125 0.20000000298023224 15 0.0052367197349667549 0.012464946135878563 0.01783439889550209 0.015646860003471375 0.016595568507909775 0.016022616997361183 0.016236580908298492 0.011111314408481121 0.0026320021133869886 0.0084453634917736053 0.0082443896681070328 0.023224746808409691 0.0066639087162911892 0.022084122523665428 0.017556460574269295
128 0.22225356101989746 0.070249207317829132 0.6874091625213623 0.68784958124160767 -0.13930273056030273 -0.68971216678619385 -0.71055740118026733 0.01666666753590107 6 0.0026650382205843925 0.0030853631906211376 0.00271374243311584 0.0020404376555234194 0.0040919412858784199 0.0020701438188552856
129 -0.48276260495185852 0.46123588085174561 0.72771978378295898 -0.1569257527589798 0.077865868806838989 -0.057228535413742065 -0.025725498795509338 0.20000000298023224 4 0.069925114512443542 0.019157810136675835 0.056553885340690613 0.0543631911277771
130 -0.39745190739631653 0.44287267327308655 -0.79106462001800537 -0.14181862771511078 0.68621730804443359 -0.55469822883605957 0.47054827213287354 0.01666666753590107 3 0.005517980083823204 0.0049539385363459587 0.006194747518748045
131 0.54214262962341309 0.083668097853660583 0.39242079854011536 0.73830002546310425 -49.538436889648438 60.13055419921875 62.691780090332031 0.20000000298023224 10 0.0083412081003189087 0.032564461231231689 0.016843238845467567 0.01929870992898941 0.01270060520619154 0.019324386492371559 0.030953779816627502 0.011646044440567493 0.035516154021024704 0.012811409309506416
132 -0.99047195911407471 0.039236754179000854 0.0014215429546311498 0.13199888169765472 0.083369143307209015 0.0486932173371315 -0.026049109175801277 0.01666666753590107 7 7.0206631789915264e-05 0.0037669495213776827 0.0058208359405398369 0.00027802411932498217 0.0015366637380793691 0.0031977712642401457 0.0019962152000516653
133 -0.09731389582157135 -0.99359387159347534 -0.0039660870097577572 0.057319603860378265 0.35970273613929749 -0.77870094776153564 0.51404160261154175 0.0041666668839752674 15 0.00036457923124544322 0.00027140736347064376 9.2861584562342614e-05 2.0459060579014476e-06 0.00015737202193122357 0.00027095910627394915 0.00041796857840381563 0.00057573645608499646 0.00029205204918980598 0.00012368301395326853 0.00047113114851526916 0.00016589004371780902 0.00035325210774317384 0.00015334019553847611 0.000454387889476493
134 0.049192439764738083 -0.84389817714691162 0.39095014333724976 0.36410710215568542 0.84427791833877563 -4.7970771789550781 8.7335700988769531 0.0041666668839752674 4 0.0016878360183909535 0.0015782400732859969 0.00043538003228604794 0.00046521058538928628
135 -0.072107486426830292 0.89042556285858154 0.41730222105979919 0.16673846542835236 0.69165325164794922 -9.8867025375366211 1.3321923017501831 0.01666666753590107 4 0.0037734273355454206 0.0027211145497858524 0.0047813039273023605 0.0053908210247755051
136 -0.51630711555480957 -0.1295415461063385 -0.2145574688911438 -0.8189084529876709 15.010736465454102 -363.60104370117188 -342.88330078125 0.0041666668839752674 9 0.00070546026108786464 8.8547136556371697e-07 0.00084690062794834375 0.00047571223694831133 0.00028120010392740369 0.000613938900642097 0.0003653988242149353 0.00062945415265858173 0.00024771611788310111
137 0.88945555686950684 -0.41862523555755615 0.0079426746815443039 0.18319018185138702 -0.094419628381729126 -0.021719744428992271 -0.024762609973549843 0.0041666668839752674 11 0.00026845070533454418 0.00055576651357114315 0.00038246210897341371 0.00045886466978117824 0.000266884861048311 0.00063261855393648148 0.00047337033902294934 0.00037640158552676439 0.00026956052170135081 0.00028321665013208985 0.0001990701857721433
138 0.59255445003509521 0.36126041412353516 0.065021738409996033 0.71703720092773438 -0.27961745858192444 -0.82633215188980103 -0.48886525630950928 0.0041666668839752674 11 0.00056479114573448896 0.00061538128647953272 0.00034156802576035261 0.00047665301826782525 0.00016166752902790904 1.9771285224123858e-05 0.00054139783605933189 0.00023498915834352374 0.00032524575362913311 8.8686087110545486e-05 0.00079651549458503723
139 0.84792518615722656 0.26866227388381958 -0.32444274425506592 -0.32183906435966492 1.0310878753662109 -39.148185729980469 92.012802124023438 0.0041666668839752674 2 0.002527124946936965 0.0016395417042076588
140 -0.76519203186035156 0.62238794565200806 -0.098416730761528015 0.13201729953289032 0.15556041896343231 -0.083620868623256683 0.98428070545196533 0.20000000298023224 11 0.0039829802699387074 0.028711477294564247 0.0035051852464675903 0.011180744506418705 0.02209194004535675 0.017982093617320061 0.023377275094389915 0.017126018181443214 0.036045126616954803 0.015979327261447906 0.020017830654978752
141 -0.64045250415802002 0.68297445774078369 0.12709157168865204 -0.32743576169013977 154.373779296875 -454.9881591796875 -138.39982604980469 0.20000000298023224 6 0.02018277533352375 0.025875799357891083 0.076071441173553467 0.0023294282145798206 0.041249856352806091 0.034290701150894165
142 -0.00085027405293658376 -0.68121522665023804 -0.67459565401077271 0.28436911106109619 4.0169234275817871 0.60552525520324707 -9.1377058029174805 0.01666666753590107 7 0.0039894240908324718 0.0019941043574362993 0.0012194545706734061 0.0020953875500708818 0.0030010968912392855 0.0013853217242285609 0.0029818774200975895
143 -0.05021185427904129 -0.98986172676086426 -0.11633322387933731 -0.064180649816989899 179.55230712890625 -465.19488525390625 36.806026458740234 0.0041666668839752674 16 0.00026102317497134209 0.00020814065646845847 0.00021713619935326278 0.00033313521998934448 0.00026372878346592188 0.00032026230474002659 0.00029081717366352677 0.00021290745644364506 0.00018156720034312457 0.00027099315775558352 0.00013018131721764803 0.00034965545637533069 0.00030835584038868546 0.00027211898122914135 0.00026036484632641077 0.00028627892606891692
144 0.20342771708965302 0.66036581993103027 -0.71954107284545898 -0.069244548678398132 -1.8526495695114136 -9.7724924087524414 1.0325121879577637 0.20000000298023224 13 0.023543231189250946 0.0046473951078951359 0.011595220305025578 0.0079513648524880409 0.029706791043281555 0.0032038229983299971 0.030825283378362656 0.012714562006294727 0.012192662805318832 0.011372077278792858 0.0066046318970620632 0.012570496648550034 0.033072460442781448
145 0.69446760416030884 -0.349405437707901 -0.33093690872192383 -0.53489375114440918 -0.034782629460096359 -0.052268128842115402 -0.077834516763687134 0.0041666668839752674 8 0.00056979811051860452 0.00053669913904741406 0.00062994123436510563 0.00062549760332331061 0.00094244832871481776 6.6682674514595419e-05 0.00035225937608629465 0.00044334016274660826
146 -0.49789533019065857 -0.43204432725906372 0.55343598127365112 -0.50906437635421753 -41.659744262695312 -56.2845458984375 71.389884948730469 0.20000000298023224 9 0.029418386518955231 0.024782309308648109 0.022806037217378616 0.007405454758554697 0.030086047947406769 0.015881301835179329 0.021026134490966797 0.028874661773443222 0.019719667732715607
147 -0.3372901976108551 0.8145567774772644 0.15271258354187012 -0.44655513763427734 0.075392939150333405 0.041871499270200729 -0.050622943788766861 0.01666666753590107 10 0.00083945109508931637 0.0027752905152738094 0.0026481342501938343 8.5221479821484536e-05 0.0025751034263521433 0.0015675956383347511 0.0020757038146257401 0.00014115184603724629 0.002975354203954339 0.00098366034217178822
148 -0.20378454029560089 -0.39465507864952087 -0.68945962190628052 0.57215791940689087 0.025780985131859779 0.0032572622876614332 0.096564650535583496 0.20000000298023224 9 0.0050671477802097797 0.040354743599891663 0.045381642878055573 0.039041291922330856 0.011434227228164673 0.029043810442090034 0.0063685108907520771 0.014307782053947449 0.009000842459499836
149 0.8082120418548584 -0.32698068022727966 -0.37027105689048767 0.32058742642402649 -1.0587221384048462 4.4306130409240723 -8.9021778106689453 0.20000000298023224 11 0.025891266763210297 0.01282105315476656 0.010910537093877792 0.017049873247742653 0.020555423572659492 0.025982465595006943 0.019946178421378136 0.021873867139220238 0.01771455816924572 0.0090368166565895081 0.018217962235212326
150 -0.32662507891654968 0.3581756055355072 0.7842860221862793 -0.38719731569290161 -0.052024960517883301 0.042250208556652069 -0.074218079447746277 0.20000000298023224 11 0.025717616081237793 0.022437829524278641 0.031329095363616943 0.0014444914413616061 0.028858549892902374 0.011007023043930531 0.0013663464924320579 0.024826489388942719 0.024256501346826553 0.015029524452984333 0.013726530596613884
151 0.54881083965301514 0.54090869426727295 -0.20614257454872131 0.6031000018119812 2.3343367576599121 -419.3828125 -272.236328125 0.01666666753590107 8 0.0001232477807207033 0.0040440750308334827 0.0010986677370965481 0.0030316170305013657 0.0016000113682821393 0.00010467003448866308 0.005445810966193676 0.0012185666710138321
152 0.60357832908630371 0.49407365918159485 0.57021999359130859 0.25774717330932617 71.956977844238281 50.510272979736328 -47.654014587402344 0.01666666753590107 10 0.00018847420869860798 0.0020147112663835287 0.0018836461240425706 0.0024325430858880281 0.00081508769653737545 0.00057631771778687835 0.0015415044035762548 0.0031681114342063665 0.0031965449452400208 0.00084972579497843981
153 0.66884899139404297 -0.36154705286026001 -0.39010077714920044 0.5193709135055542 -121.80262756347656 -363.21600341796875 321.30709838867188 0.20000000298023224 13 0.004490771796554327 0.01247430220246315 0.026141872629523277 0.00072793650906533003 0.000735549780074507 0.02119925431907177 0.026859581470489502 0.017604706808924675 0.013821747153997421 0.018542202189564705 0.0052760401740670204 0.017885245382785797 0.034240789711475372
154 0.40895670652389526 -0.43349707126617432 -0.46699222922325134 -0.65326333045959473 0.47286602854728699 0.78155773878097534 -0.40689709782600403 0.01666666753590107 16 0.0013757817214354873 0.0014079395914450288 0.0012519180309027433 0.0013477515894919634 0.0010234847432002425 0.0013300946447998285 0.0015776932705193758 0.0011228078510612249 0.0010613591875880957 2.0773928554262966e-05 0.00074091862188652158 0.0017550026532262564 0.001069315942004323 0.00028602132806554437 0.0012093423865735531 8.6461062892340124e-05
155 0.26133379340171814 0.65890944004058838 0.30880656838417053 -0.6341778039932251 -21.440778732299805 94.12841796875 -26.079376220703125 0.20000000298023224 3 0.083564668893814087 0.037866976112127304 0.078568354249000549
156 -0.6494327187538147 -0.61631578207015991 0.31119376420974731 -0.31866982579231262 0.77020174264907837 -0.40626844763755798 0.49166575074195862 0.20000000298023224 5 0.056067444384098053 0.027406645938754082 0.068165406584739685 0.024209156632423401 0.02415134571492672
157 -0.50691390037536621 -0.36705672740936279 -0.023137517273426056 -0.77959752082824707 -61.931076049804688 -25.605411529541016 -74.221992492675781 0.20000000298023224 6 0.042036682367324829 0.02739550918340683 0.040641400963068008 0.039485365152359009 0.048220619559288025 0.0022204238921403885
158 -0.1775764524936676 -0.21933488547801971 -0.013258247636258602 0.95926171541213989 -384.90676879882812 212.75448608398438 237.87037658691406 0.01666666753590107 12 0.0015147870872169733 0.0024169255048036575 0.00019811635138466954 9.787057206267491e-05 0.0023414650931954384 0.0014957780949771404 0.00083044590428471565 0.00069287483347579837 0.0025952926371246576 0.0010238345712423325 0.00086734088836237788 0.0025919352192431688
159 -0.27302506566047668 -0.87767642736434937 -0.14742977917194366 -0.36524775624275208 31.891281127929688 47.749263763427734 81.871566772460938 0.20000000298023224 6 0.024115448817610741 0.034508522599935532 0.04291301965713501 0.050006270408630371 0.045202627778053284 0.0032541109248995781
160 0.80452048778533936 -0.45694327354431152 -0.37906631827354431 0.016073951497673988 446.19400024414062 186.32212829589844 127.25947570800781 0.20000000298023224 16 0.0032518482767045498 0.018172247335314751 0.014987855218350887 0.015221225097775459 0.0012688256101682782 0.0053511345759034157 0.013801003806293011 0.020119182765483856 0.0091857798397541046 0.014285968616604805 0.0031153014861047268 0.022464307025074959 0.006186432670801878 0.020537735894322395 0.019112110137939453 0.01293904148042202
161 0.65730088949203491 0.0056530321016907692 0.12568020820617676 -0.74305319786071777 73.382377624511719 22.764484405517578 -64.00628662109375 0.0041666668839752674 10 0.00018668093252927065 0.00038919431972317398 0.00055626698303967714 0.00048639654414728284 0.00044109293958172202 0.00051509891636669636 0.00035272911190986633 0.00039680424379184842 0.00029453943716362119 0.00054786319378763437
162 0.93397748470306396 0.30257606506347656 0.12019957602024078 0.14726114273071289 43.34027099609375 -29.241262435913086 85.244178771972656 0.0041666668839752674 15 0.00031435952405445278 0.00042855928768403828 0.00032630670466460288 0.0003002349694725126 0.00036882708081975579 0.00012855403474532068 0.00047682801960036159 0.00026715995045378804 8.860144589561969e-05 0.00023021563538350165 0.00036898165126331151 6.7564440541900694e-05 0.00027478011907078326 0.00037773378426209092 0.00014796001778449863
163 -0.049949843436479568 0.48122239112854004 -0.80877697467803955 -0.33437976241111755 7.9362616539001465 1.2464401721954346 -5.955009937286377 0.01666666753590107 14 0.00024684847448952496 0.001218044082634151 0.0016761340666562319 0.0015295378398150206 0.0015156925655901432 0.0021453520748764277 0.0015171354170888662 0.0015986638609319925 0.0002728893596213311 0.0015960003947839141 0.00082661013584583998 0.00056725658942013979 0.0016384717309847474 0.00031803015735931695
164 -0.29764848947525024 0.51014560461044312 0.12390045821666718 0.79737412929534912 0.02371232770383358 -0.085134334862232208 0.046796053647994995 0.20000000298023224 5 0.062334824353456497 0.011694627813994884 0.081766597926616669 0.01783468946814537 0.026369258761405945
165 0.28353098034858704 0.71664959192276001 -0.090340942144393921 0.63076305389404297 -7.3457241058349609 -106.92172241210938 488.37872314453125 0.01666666753590107 2 0.0091826152056455612 0.0074840509332716465
166 0.20769724249839783 -0.65434795618057251 0.63973093032836914 0.34559363126754761 0.13035325706005096 0.91823458671569824 -0.37396964430809021 0.01666666753590107 9 0.0018083854811266065 0.0024354248307645321 0.0014075159560889006 0.0029433129820972681 0.0021354472264647484 0.0028279758989810944 0.00095840753056108952 0.0019392308313399553 0.00021096576529089361
167 0.83078771829605103 0.52250540256500244 -0.19029316306114197 0.02384057454764843 -4.2259178161621094 2.388519287109375 -8.742802619934082 0.0041666668839752674 8 0.00042778492206707597 0.00070942332968115807 0.00010116222983924672 0.00052152870921418071 0.00078590650809928775 1.9711007553269155e-05 0.000826595991384238 0.00077455397695302963
168 0.23761892318725586 -0.52177667617797852 0.71715915203094482 -0.39619329571723938 33.129234313964844 -94.266677856445312 -4.0308241844177246 0.01666666753590107 10 0.0029697590507566929 0.00047946785343810916 0.0010042070643976331 0.0020576841197907925 0.0032775967847555876 0.0013482292415574193 0.00023295314167626202 0.0017422293312847614 0.00023202048032544553 0.0033225198276340961
169 -0.060926724225282669 0.20593100786209106 -0.97422957420349121 0.068971455097198486 0.049079068005084991 -0.075024224817752838 -0.044301364570856094 0.01666666753590107 4 0.0033219926990568638 0.0068614529445767403 0.0034938890021294355 0.0029893319588154554
170 0.33115789294242859 -0.8791506290435791 0.016154268756508827 -0.34229758381843567 -129.37887573242188 -413.64645385742188 249.31449890136719 0.01666666753590107 3 0.010347893461585045 0.003267006715759635 0.0030517666600644588
171 0.73359256982803345 -0.27600693702697754 -0.62091314792633057 0.011357546783983707 0.42254388332366943 -0.8214719295501709 -0.38293671607971191 0.01666666753590107 10 0.002158069284632802 0.0014164362801238894 0.00029870829894207418 0.001387303345836699 0.0028066982049494982 0.0010478422045707703 0.0024559875018894672 0.00054966111201792955 0.0029238944407552481 0.0016220660181716084
172 -0.14924369752407074 0.85323017835617065 -0.20119437575340271 -0.45743352174758911 121.02066802978516 388.54461669921875 290.49453735351562 0.20000000298023224 14 0.023958152160048485 0.018498603254556656 0.0078532826155424118 0.00011615447874646634 0.013115067034959793 0.010359050706028938 0.0068365205079317093 0.013053912669420242 0.020984422415494919 0.02334744855761528 0.019689079374074936 0.021041015163064003 0.0016372977988794446 0.019509993493556976
173 -0.93101614713668823 -0.25257319211959839 -0.18049865961074829 -0.19192691147327423 -0.054104655981063843 0.062165047973394394 0.05664091557264328 0.01666666753590107 9 0.0031069719698280096 0.0024250117130577564 0.0023114676587283611 4.6389977796934545e-05 0.00086359103443101048 0.00024254585150629282 0.0034403777681291103 0.0021234869491308928 0.0021068232599645853
174 -0.24487379193305969 -0.78677231073379517 0.20148725807666779 -0.5295555591583252 0.57954615354537964 -6.0571427345275879 7.9356880187988281 0.0041666668839752674 7 0.0007980073569342494 0.00095140963094308972 0.00082279549678787589 0.00047873164294287562 0.00039332677260972559 0.00070451223291456699 1.7883561667986214e-05
175 -0.44585806131362915 0.391042560338974 0.035559076815843582 -0.80438292026519775 -3.0803050994873047 4.2910299301147461 8.4911003112792969 0.20000000298023224 2 0.12951543927192688 0.070484556257724762
176 -0.030341476202011108 -0.53677886724472046 -0.027779633179306984 0.84271949529647827 0.074279271066188812 -0.023333635181188583 0.062754534184932709 0.20000000298023224 14 0.016164271160960197 0.016755353659391403 0.004725008737295866 0.013944607228040695 0.019594086334109306 0.025575818493962288 0.023567143827676773 0.0061633759178221226 0.00012085945490980521 0.025988683104515076 0.021512851119041443 0.0072824573144316673 0.0094368169084191322 0.009168669581413269
177 -0.94123107194900513 0.15117287635803223 0.0067476923577487469 0.30196905136108398 0.048072930425405502 0.087557308375835419 0.0047655575908720493 0.01666666753590107 14 0.00078693684190511703 5.8734556660056114e-05 0.0011572815710678697 0.0021359620150178671 4.84569973195903e-05 0.00041579094249755144 0.001733673270791769 0.0021375839132815599 0.0010468261316418648 0.0019535303581506014 0.00088631967082619667 0.0015734035987406969 0.00069571472704410553 0.0020364520605653524
178 -0.2881661057472229 0.62364161014556885 0.68339407444000244 0.24698977172374725 0.034916289150714874 -0.08285386860370636 0.04377315565943718 0.01666666753590107 12 0.000798005610704422 0.00022334008826874197 0.0029527817387133837 0.00254867784678936 0.001182685955427587 0.001116278930567205 0.00054306432139128447 0.0012033839011564851 0.0010349741205573082 0.0017217925051227212 0.0012653251178562641 0.0020763566717505455
179 0.44303449988365173 -0.044810026884078979 -0.8326759934425354 0.32918566465377808 -0.039290793240070343 -0.043678361922502518 0.080922394990921021 0.0041666668839752674 3 0.00049318280071020126 0.0034398927818983793 0.00023359115584753454
180 -0.20395669341087341 0.38461911678314209 0.38616302609443665 0.81323301792144775 7.8969874382019043 34.326377868652344 -93.591331481933594 0.20000000298023224 14 0.02537781186401844 0.019657744094729424 0.01516262162476778 0.017846191301941872 0.0026249086949974298 0.002874511294066906 0.024907825514674187 0.0021085841581225395 0.017706844955682755 0.016279729083180428 0.0052452199161052704 0.021642191335558891 0.011071488261222839 0.017494328320026398
181 -0.43560934066772461 0.84806102514266968 0.15386629104614258 0.25954219698905945 -0.80672270059585571 0.26958152651786804 0.52585577964782715 0.0041666668839752674 11 0.00020860326185356826 0.00021824806754011661 0.0005931962514296174 9.2465146735776216e-05 0.00062546721892431378 0.0002100267302012071 0.00069901807000860572 0.00062993983738124371 0.00045320653589442372 0.00025743353762663901 0.00017906204448081553
182 -0.60145783424377441 -0.43247857689857483 -0.6534150242805481 -0.15575483441352844 -2.1959297657012939 -7.439763069152832 -6.3109288215637207 0.0041666668839752674 11 0.0004158880328759551 0.00053737219423055649 0.00041778976446948946 0.00056692503858357668 0.00026005093241110444 3.8868351111887023e-05 0.00010012099664891139 0.00064316991483792663 0.00060300726909190416 0.0001042183066601865 0.00047925591934472322
183 -0.19067546725273132 0.39962401986122131 -0.8854251503944397 0.14130058884620667 -0.56809604167938232 0.79897785186767578 -0.19723409414291382 0.20000000298023224 7 0.054523885250091553 0.01201348751783371 0.02743224985897541 0.020176120102405548 0.0026594607625156641 0.04897623136639595 0.034218568354845047
184 -0.41278010606765747 -0.5465240478515625 -0.21420884132385254 -0.69644713401794434 -171.00236511230469 -302.1536865234375 -359.807373046875 0.20000000298023224 13 0.023103907704353333 0.0049043362960219383 0.0045301103964447975 0.0051492387428879738 0.0074816294945776463 0.035394936800003052 0.025381345301866531 0.00092101417249068618 0.006702076643705368 0.040367573499679565 0.0059940358623862267 0.030189374461770058 0.0098804198205471039
185 0.36177623271942139 0.319326251745224 0.1567537784576416 0.86172902584075928 0.041064664721488953 0.043999046087265015 -0.079860985279083252 0.0041666668839752674 14 0.00031606949050910771 8.2885846495628357e-05 0.00032562928390689194 0.00046249045408330858 0.00037365616299211979 0.00048149339272640646 0.00033908209297806025 0.00014223359175957739 0.00044588276068679988 0.00036701827775686979 3.8849055272294208e-05 0.00013849606330040842 0.00049129698891192675 0.00016158322978299111
186 0.4855017364025116 -0.6652100682258606 -0.31003797054290771 0.47503697872161865 -2.4489841461181641 -4.8281803131103516 8.4078025817871094 0.20000000298023224 4 0.015446561388671398 0.055245935916900635 0.056709524244070053 0.072597973048686981
187 0.64819496870040894 0.74729198217391968 -0.056468598544597626 -0.13494186103343964 -0.30703938007354736 -0.06857454776763916 -0.94922304153442383 0.01666666753590107 3 0.0048340852372348309 0.011030128225684166 0.00080245285062119365
188 -0.14892260730266571 -0.86811667680740356 -0.025984365493059158 -0.47277933359146118 -302.82388305664062 133.96705627441406 -374.63385009765625 0.01666666753590107 10 0.0021932835225015879 0.00032549741445109248 0.00050618581008166075 0.00065968831768259406 0.00013313467206899077 0.0035452900920063257 0.0029342800844460726 0.0041937949135899544 0.0018246362451463938 0.00035087540163658559
189 0.13581693172454834 -0.54754531383514404 -0.1518629789352417 0.81159442663192749 -4.5097436904907227 -2.3258116245269775 -8.6170072555541992 0.01666666753590107 5 0.0020275022834539413 0.0037703393027186394 0.003939376212656498 0.0057325786910951138 0.0011968702310696244
190 -0.21744073927402496 0.88428765535354614 0.40868335962295532 -0.061096489429473877 -1.1709734201431274 8.3678693771362305 5.3486056327819824 0.0041666668839752674 14 0.00041490327566862106 0.0005471795448102057 1.2038339264108799e-05 0.00052707979921251535 0.00028629068401642144 9.3975351774133742e-05 4.5340624637901783e-05 0.00011746863310690969 0.00032972541521303356 0.00010190603643422946 0.00041395056177861989 0.00054125703172758222 0.00027295664767734706 0.00046259473310783505
191 -0.037315372377634048 0.27448269724845886 -0.84473723173141479 -0.45791468024253845 0.01244056224822998 0.94265282154083252 0.33354291319847107 0.0041666668839752674 6 0.00069872301537543535 0.00071113172452896833 0.0012879676651209593 0.00035633082734420896 0.00096760137239471078 0.00014491207548417151
192 0.27784764766693115 -0.60020166635513306 0.71035736799240112 -0.24073033034801483 0.075289666652679443 -0.016893303021788597 0.063608817756175995 0.01666666753590107 6 0.0042650122195482254 0.00112014205660671 0.00089435366680845618 0.0057913754135370255 0.0033059068955481052 0.0012898765271529555
193 -0.07375635951757431 -0.36104482412338257 -0.084691397845745087 0.92576128244400024 -0.073288686573505402 0.06539946049451828 -0.018753105774521828 0.20000000298023224 13 0.009884340688586235 0.0045879678800702095 0.025163916870951653 0.0077613801695406437 0.019925722852349281 0.0172162726521492 0.014379909262061119 0.028560319915413857 0.002887041075155139 0.0077725597657263279 0.0077129830606281757 0.02982037141919136 0.024327212944626808
194 -0.34393015503883362 -0.24845348298549652 -0.32905825972557068 0.84362524747848511 0.01673102006316185 -0.055142909288406372 -0.081727184355258942 0.01666666753590107 16 0.0022564074024558067 0.0015402860008180141 0.00097057834500446916 0.0013733166269958019 0.0015619642799720168 0.0017998076509684324 0.00083321891725063324 0.00014923450362402946 0.00072321790503337979 0.0024002096615731716 0.00091658934252336621 8.1415499153081328e-05 0.00022889714455232024 0.00030721208895556629 0.00096450571436434984 0.00055980560136958957
195 -0.87086200714111328 -0.25797700881958008 -0.14642031490802765 0.39192894101142883 -62.496097564697266 -55.199146270751953 -55.202281951904297 0.01666666753590107 11 0.00066332076676189899 0.0023750963155180216 0.00089270109310746193 0.00092540134210139513 0.0023698871955275536 0.00085557298734784126 0.00034886127104982734 0.0019670042674988508 0.0027179471217095852 0.002321513369679451 0.0012293608160689473
196 0.29892167448997498 0.47974607348442078 -0.71313577890396118 -0.4146406352519989 79.233154296875 -51.457286834716797 32.775825500488281 0.20000000298023224 13 0.0011137181427329779 0.018232285976409912 0.010786294937133789 0.030926117673516273 0.02194913849234581 0.018396975472569466 0.017697790637612343 0.017965611070394516 0.0019360171863809228 0.017751853913068771 0.013451600447297096 0.024341247975826263 0.0054513467475771904
197 0.74605357646942139 0.36676540970802307 0.25802192091941833 0.49225184321403503 -1.0242295265197754 7.3726353645324707 -6.6779637336730957 0.01666666753590107 13 0.0016701478743925691 0.00068488309625536203 0.00048886024160310626 0.0015192343853414059 0.00044492242159321904 0.0006861852016299963 0.0019706687889993191 0.0029304188210517168 0.0034316040109843016 0.00034677580697461963 0.00094450684264302254 0.0014103594003245234 0.00013810000382363796
198 -0.18676216900348663 0.43633770942687988 -0.6208423376083374 0.62392634153366089 -0.28187790513038635 -0.2352202981710434 -0.93016999959945679 0.20000000298023224 9 0.031967081129550934 0.025595186278223991 0.00091880257241427898 0.034856230020523071 0.01806970126926899 0.0029037205968052149 0.040259465575218201 0.0072526345029473305 0.038177177309989929
199 0.86546587944030762 -0.2113582044839859 -0.45112669467926025 -0.05273708701133728 0.049618259072303772 -0.074976526200771332 -0.043778408318758011 0.0041666668839752674 9 0.00011160385474795476 0.00026392421568743885 0.00082190847024321556 1.0443343853694387e-05 0.00063956767553463578 0.00018460053252056241 0.0009080068557523191 0.00075535901123657823 0.00047125274431891739
200 0.18117918074131012 -0.3643626868724823 0.57900106906890869 -0.70652085542678833 56.229160308837891 81.837265014648438 11.871954917907715 0.0041666668839752674 12 2.0437964849406853e-05 0.00026982603594660759 0.00037262155092321336 0.00069177232217043638 0.00015301801613532007 0.0001988478034036234 0.00071465258952230215 0.00065756519325077534 0.00018571491818875074 4.4809694372816011e-05 0.00076165742939338088 9.5743162091821432e-05
201 0.018317515030503273 0.8089444637298584 0.40699431300163269 -0.42382657527923584 1.2758865356445312 6.1841006278991699 -7.7542896270751953 0.0041666668839752674 16 0.00037084802170284092 0.00052959186723455787 0.00011385483230696991 1.0017963177233469e-05 0.0001734048273647204 0.00030738455825485289 4.1440303903073072e-05 0.00013660591503139585 0.00053803162882104516 0.0005448918673209846 0.00027089370996691287 0.00022828823421150446 0.00011439358786446974 0.00034293424687348306 0.00037211913149803877 7.1965980168897659e-05
202 -0.43179583549499512 -0.897330641746521 0.049304820597171783 0.076935537159442902 -8.3277835845947266 2.0005388259887695 5.1619625091552734 0.01666666753590107 12 0.0020561798010021448 0.00016410043463110924 0.0001842829369707033 0.00036581206950359046 0.0016142465174198151 3.7055004213470966e-05 0.0031346599571406841 0.00066704297205433249 0.0013436197768896818 0.0030047039035707712 0.0021652958821505308 0.0019296673126518726
203 0.92892825603485107 0.14105880260467529 0.017789019271731377 0.34187456965446472 0.90568280220031738 -0.24799934029579163 -0.34385311603546143 0.20000000298023224 14 0.026501750573515892 0.0069312285631895065 0.026237014681100845 0.015470456331968307 0.010686509311199188 0.0089803123846650124 0.027335381135344505 0.0070633338764309883 0.021026879549026489 0.0041511342860758305 0.023467771708965302 0.0089002903550863266 0.013217628002166748 3.0308161512948573e-05
204 -0.43621534109115601 -0.10160884261131287 0.89026504755020142 -0.082582935690879822 -0.087233088910579681 0.0051119383424520493 -0.048623614013195038 0.01666666753590107 2 0.011236007325351238 0.0054306592792272568
205 -0.30354708433151245 0.55808448791503906 0.68086963891983032 -0.36444121599197388 5.1789040565490723 8.1422700881958008 2.6234304904937744 0.20000000298023224 7 0.031102601438760757 0.019035447388887405 0.019713185727596283 0.031814619898796082 0.025962870568037033 0.035757780075073242 0.036613497883081436
206 -0.53936910629272461 0.069224648177623749 -0.50541943311691284 0.66995531320571899 0.15201282501220703 0.44852268695831299 0.8807494044303894 0.01666666753590107 4 0.0010667112655937672 0.0056611504405736923 0.0082509433850646019 0.0016878622118383646
207 0.7051692008972168 0.51609307527542114 -0.47272667288780212 0.11363905668258667 -49.1392822265625 77.086463928222656 -40.534038543701172 0.0041666668839752674 3 0.0012227148981764913 0.0017074757488444448 0.0012364760041236877
208 -0.18841303884983063 -0.35801255702972412 -0.73973995447158813 0.53769165277481079 0.027668735012412071 -0.0039132521487772465 0.096016287803649902 0.01666666753590107 11 0.00136579480022192 0.0022327965125441551 0.0017330696573480964 0.0026070470921695232 0.000866980932187289 0.00024390420003328472 0.0015600074548274279 0.0013404553756117821 0.0022183018736541271 0.0018119709566235542 0.00068633770570158958
209 -0.47113519906997681 0.35979259014129639 0.64008033275604248 -0.48875153064727783 -4.3716092109680176 -8.3158597946166992 -3.4257133007049561 0.20000000298023224 4 0.068812355399131775 0.046821855008602142 0.042450904846191406 0.041914887726306915
210 0.55651295185089111 -0.42368525266647339 0.18240867555141449 -0.69102185964584351 -13.298364639282227 -96.713851928710938 21.669891357421875 0.01666666753590107 10 0.00094226299552246928 0.0014734745491296053 0.0021914562676101923 0.002321756212040782 0.0023891374003142118 0.00088943296577781439 0.0024404807481914759 0.0014484489802271128 0.002406237879768014 0.00016397872241213918
211 -0.77583396434783936 -0.54383224248886108 0.31700661778450012 0.042836975306272507 -363.16622924804688 315.4788818359375 -136.32084655761719 0.0041666668839752674 8 0.00018514925613999367 0.00013129171566106379 0.00034506674273870885 0.0011630647350102663 0.0010184126440435648 0.00034288741881027818 7.0300833613146096e-05 0.00091049342881888151
212 -0.62015402317047119 -0.35506832599639893 -0.6933978796005249 0.092384368181228638 -0.050707001239061356 -0.016088990494608879 0.99858397245407104 0.20000000298023224 3 0.095563776791095734 0.095175109803676605 0.0092611154541373253
213 -0.47989770770072937 0.82619178295135498 -0.29471245408058167 -0.015808885917067528 -32.490608215332031 -81.980361938476562 -47.154857635498047 0.01666666753590107 12 0.0016336374683305621 0.0011129215126857162 1.5056156371429097e-05 0.0025304090231657028 0.00065375323174521327 0.00045401017996482551 0.0017309195827692747 0.00039460312109440565 0.0022672063205391169 0.0026652214583009481 0.00067868322366848588 0.0025302453432232141
214 -0.23670083284378052 0.030467098578810692 -0.8056824803352356 0.5421440601348877 0.87617802619934082 0.46539506316184998 -0.12537729740142822 0.01666666753590107 15 0.0013924150262027979 0.0024461876600980759 2.6206333131995052e-05 0.0020434707403182983 0.0020086902659386396 0.00024236520403064787 5.8417968830326572e-05 0.0005793118616566062 0.00067616591695696115 0.00060453632613644004 0.00082641153130680323 0.00068836536956951022 0.0011809152783825994 0.0016000043833628297 0.002293202793225646
215 0.1404300332069397 0.15340809524059296 -0.50184541940689087 0.83958113193511963 -0.046147666871547699 0.060207940638065338 0.065156705677509308 0.01666666753590107 13 0.00017257349099963903 0.0013284380547702312 0.0015452109510079026 0.0008429231820628047 0.0019072388531640172 0.00082801945973187685 0.0011956691741943359 0.00090493034804239869 0.0015376511728391051 0.001838922849856317 0.001614523702301085 0.0020517236553132534 0.00089884200133383274
216 0.32825565338134766 -0.9381827712059021 -0.091192252933979034 -0.061198782175779343 0.4324367344379425 0.14345279335975647 0.89017963409423828 0.01666666753590107 15 0.00054835510673001409 0.0015993217239156365 0.0016193415503948927 0.0013789352960884571 0.00094819761579856277 0.00096078368369489908 0.0016288033220916986 0.00010733989620348439 0.00065443757921457291 0.0016616889042779803 0.0016981627559289336 0.0015182072529569268 0.00092402065638452768 0.0002413594484096393 0.0011777117615565658
217 -0.27208280563354492 -0.36284855008125305 0.080624252557754517 -0.88758754730224609 -0.48226144909858704 -0.87359923124313354 -0.065179094672203064 0.20000000298023224 6 0.05618734285235405 0.034866560250520706 0.045948348939418793 0.035040725022554398 0.00082839687820523977 0.027128631249070168
218 -0.73734813928604126 0.3311292827129364 -0.41932585835456848 -0.41332429647445679 3.8632571697235107 9.2094011306762695 0.51203852891921997 0.20000000298023224 15 0.01147575955837965 0.019464131444692612 0.017383424565196037 0.016767198219895363 0.014713282696902752 0.015905031934380531 0.016315290704369545 0.00022953857842367142 0.014675615355372429 0.013840201310813427 0.01839868538081646 0.0089569352567195892 0.0059587685391306877 0.015915792435407639 0.010000343434512615
219 -0.67321717739105225 0.58544415235519409 -0.20370133221149445 0.4031619131565094 7.5492057800292969 -1.7659370899200439 -6.3159289360046387 0.0041666668839752674 6 0.002059251070022583 0.0010788135696202517 9.2563959697145037e-06 4.9076257710112259e-05 0.00088438449893146753 8.588486525695771e-05
220 0.046752497553825378 -0.53683072328567505 0.037979383021593094 -0.8415369987487793 -0.061674345284700394 -0.030465427786111832 -0.072581902146339417 0.0041666668839752674 14 0.00017962904530577362 0.00044734744005836546 0.00030187587253749371 0.00025351761723868549 0.00047923784586600959 7.5902069511357695e-05 0.00039499520789831877 0.00047881391947157681 0.00011231615644646809 0.00023779022740200162 0.00036662371712736785 0.00010759122233139351 0.00033317954512313008 0.00039784683031029999
221 -0.11836849898099899 0.20721040666103363 -0.32003688812255859 0.91685831546783447 0.072588466107845306 0.02257879450917244 0.064970090985298157 0.20000000298023224 3 0.068086326122283936 0.09708472341299057 0.034828945994377136
222 -0.67066335678100586 -0.12335564941167831 0.049146760255098343 -0.72977983951568604 -190.80133056640625 -456.83584594726562 69.970458984375 0.01666666753590107 12 7.1736367317498662e-06 0.0025723676662892103 0.00058243394596502185 0.00025438054581172764 0.0017336854944005609 0.00054395361803472042 0.0023698792792856693 3.9558024582220241e-05 0.0022586332634091377 0.0024540165904909372 0.00082707736873999238 0.0030235073063522577
223 0.48884478211402893 -0.034211680293083191 0.53171771764755249 0.69075071811676025 7.5849733352661133 2.7530615329742432 5.9066767692565918 0.0041666668839752674 3 0.00077749148476868868 0.0010947444243356586 0.0022944307420402765
224 0.027960905805230141 -0.62112081050872803 0.78148549795150757 0.052033308893442154 -373.05328369140625 -243.2742919921875 -227.26387023925781 0.20000000298023224 16 0.0098029710352420807 0.0093753719702363014 0.021531002596020699 0.0048306374810636044 0.014346148818731308 0.021955657750368118 0.019220536574721336 0.0042684916406869888 0.010535313747823238 0.0016030292026698589 0.013219807296991348 0.0061379484832286835 0.022265752777457237 0.021145250648260117 0.012327593751251698 0.0074344840832054615
225 -0.54924112558364868 -0.34921595454216003 -0.61834591627120972 0.44048920273780823 -0.17782138288021088 0.90028631687164307 -0.39732110500335693 0.20000000298023224 14 0.0072053619660437107 0.014115044847130775 0.014953814446926117 0.00026070806779898703 0.0014289467362686992 0.018824901431798935 0.027945604175329208 0.0097761554643511772 0.026795519515872002 0.024451471865177155 0.023829342797398567 0.004487989004701376 0.021076774224638939 0.0048483656719326973
226 0.69157201051712036 0.12264492362737656 -0.07086540013551712 -0.70828276872634888 -13.10823917388916 23.021385192871094 96.4271240234375 0.0041666668839752674 5 0.00083861796883866191 0.0017064693383872509 8.5176332504488528e-05 0.0011725599179044366 0.00036384310806170106
227 -0.76606535911560059 -0.47874289751052856 0.41247159242630005 -0.11754261702299118 30.057380676269531 27.813289642333984 -91.230339050292969 0.0041666668839752674 12 0.00041685494943521917 6.0460220993263647e-05 0.00066902628168463707 0.00012728305591735989 0.0002281047054566443 0.00063638336723670363 0.00069209857610985637 1.6590196537435986e-05 0.00027236618916504085 0.0001227472530445084 0.00022817778517492115 0.00069657404674217105
228 -0.077907338738441467 0.61802178621292114 -0.76072001457214355 -0.18244065344333649 -419.8802490234375 168.9949951171875 -212.46475219726562 0.0041666668839752674 15 0.00015059890574775636 0.00026933781919069588 3.7285699363565072e-05 0.00051193707622587681 0.00018636709137354046 0.00057528400793671608 0.00033492819056846201 3.2066462154034525e-05 0.00012869229249190539 0.00010533639579080045 0.00047800125321373343 0.00048411000170744956 0.00029794895090162754 0.00023206454352475703 0.00034270799369551241
229 0.27320915460586548 -0.17454811930656433 0.80945968627929688 -0.48955565690994263 325.23773193359375 71.920120239257812 372.89129638671875 0.01666666753590107 6 0.0046232515014708042 0.0048029422760009766 0.0026060447562485933 0.0022023189812898636 0.002067669527605176 0.00036443967837840319
230 0.86476516723632812 -0.25408408045768738 0.43313702940940857 -0.0038454483728855848 3.9322967529296875 9.1438741683959961 0.96260422468185425 0.20000000298023224 10 0.047107547521591187 0.010746865533292294 0.0028950388077646494 0.0030066045001149178 0.032571978867053986 0.028090957552194595 0.0076244305819272995 0.024094589054584503 0.031994003802537918 0.011867983266711235
231 0.19742769002914429 -0.54040628671646118 0.60515457391738892 -0.55024653673171997 -0.025710538029670715 -0.014508449472486973 -0.095543041825294495 0.20000000298023224 3 0.069159828126430511 0.085833825170993805 0.045006349682807922
232 -0.27419587969779968 -0.90192848443984985 -0.32764631509780884 0.063162662088871002 5.912691593170166 -6.4907050132751465 -4.7865252494812012 0.20000000298023224 2 0.088147610425949097 0.11185238510370255
233 -0.047399241477251053 -0.45283928513526917 -0.19506350159645081 -0.86870026588439941 -291.76492309570312 313.59356689453125 257.93856811523438 0.01666666753590107 3 0.0033809917513281107 0.0070291184820234776 0.0062565561383962631
234 0.59266805648803711 -0.55687898397445679 0.58138096332550049 -0.025030942633748055 -0.81251364946365356 0.2731969952583313 -0.5149611234664917 0.0041666668839752674 16 0.00010304665920557454 7.9006778832990676e-05 0.00013321277219802141 0.00046165683306753635 0.00031503196805715561 6.1308848671615124e-05 0.00025338021805509925 0.00031530106207355857 0.00035645382013171911 0.00018650820129550993 0.00043124091462232172 0.00020031328313052654 0.00020581879653036594 0.00023893866455182433 0.00044469989370554686 0.00038074792246334255
235 0.86649388074874878 0.27630051970481873 0.34966030716896057 -0.22490896284580231 -352.70013427734375 352.13946533203125 -40.005050659179688 0.01666666753590107 2 0.004491075873374939 0.012175590731203556
236 -0.069005273282527924 -0.022172344848513603 0.31850585341453552 -0.94514584541320801 38.823963165283203 -53.725872039794922 -74.874763488769531 0.0041666668839752674 6 0.0019976228941231966 0.0002330826100660488 0.00033877920941449702 0.00097039999673143029 0.00049171876162290573 0.00013506319373846054
237 0.31059983372688293 0.32496371865272522 0.87071192264556885 -0.19946703314781189 -42.694801330566406 -7.0372076034545898 90.15338134765625 0.20000000298023224 10 0.024959852918982506 0.033793848007917404 0.031904257833957672 0.0029707788489758968 0.0011131501523777843 0.022879227995872498 0.003893652930855751 0.029000116512179375 0.010733282193541527 0.038751833140850067
238 0.4329264760017395 -0.30761611461639404 0.83478748798370361 -0.14517854154109955 0.0022960868664085865 -0.083564110100269318 0.054879568517208099 0.0041666668839752674 5 7.5402560469228774e-05 0.00078966555884107947 0.00066494039492681623 0.001650874619372189 0.00098578340839594603
239 -0.56885075569152832 -0.63802194595336914 -0.43189260363578796 -0.28775963187217712 -3.2842812538146973 -2.3680970668792725 -9.143610954284668 0.01666666753590107 12 0.0026145442388951778 0.0014115653466433287 0.00025398578145541251 0.0015169407706707716 0.0010913156438618898 0.0004747988423332572 0.0011283644707873464 0.0022875072900205851 0.00076194049324840307 0.0013745215255767107 0.0028911330737173557 0.00086004909826442599
240 1 0 0 0 0 0 10 0.01666666753590107 2 0.0083333337679505348 0.0083333337679505348
241 1 0 0 0 0 0 100 0.01666666753590107 2 0.0083333337679505348 0.0083333337679505348
242 1 0 0 0 0 0 10 0.20000000298023224 2 0.10000000149011612 0.10000000149011612
243 1 0 0 0 0 0 1000 0.01666666753590107 8 0.0020833334419876337 0.0020833334419876337 0.0020833334419876337 0.0020833334419876337 0.0020833334419876337 0.0020833334419876337 0.0020833334419876337 0.0020833334419876337
